Unnamed: 0,OffenseMonth,OffenseDay,DOW,HourofDay,DaysAgo,OffenseDate,std_parcelpin,CENSUS_TRACT,CENSUS_BLOCK,LAT,LON,ExtractedMonth,ExtractedDay,UCRdesc_numeric,OffenseYear_numeric,TimeBlock_numeric
0,11,30,7,19,4,1970-01-01 00:28:53.011200,1609143.0,Census Tract 1027,Block 2023,41.46382994543745,-81.72231519249377,1,1,1,1,1
1,11,27,4,5,7,1970-01-01 00:28:52.703400,14104056.0,Census Tract 1219,Block 2001,41.448797077684965,-81.57181285643553,1,1,18,1,3
2,11,30,7,20,4,1970-01-01 00:28:53.015700,10904170.0,Census Tract 1164,Block 2007,41.53080079063533,-81.61799450138082,1,1,0,1,1
3,12,1,1,1,3,1970-01-01 00:28:53.034780,14405017.0,Census Tract 1197.01,Block 1004,41.47844051456792,-81.59042463057452,1,1,1,1,3
4,12,1,1,2,3,1970-01-01 00:28:53.039700,,Census Tract 1159,Block 2000,41.44050299979418,-81.62693200537561,1,1,7,1,3
5,12,1,1,2,3,1970-01-01 00:28:53.036400,,Census Tract 1977,Block 1016,41.47736066919394,-81.69903494904634,1,1,1,1,3
6,12,1,1,7,3,1970-01-01 00:28:53.057400,12617063.0,Census Tract 1145.01,Block 1026,41.48646129315651,-81.61815883083587,1,1,7,1,2
7,12,1,1,9,3,1970-01-01 00:28:53.061600,10820006.0,Census Tract 1164,Block 4004,41.536090391954325,-81.62089497282489,1,1,18,1,2
8,12,1,1,15,3,1970-01-01 00:28:53.086200,12919006.0,Census Tract 1194.02,Block 2003,41.48032194289308,-81.59914446974828,1,1,1,1,0
9,12,1,1,0,3,1970-01-01 00:28:53.029200,11023007.0,Census Tract 1166,Block 3001,41.53229717498191,-81.60083980830356,1,1,0,1,3
10,12,1,1,12,3,1970-01-01 00:28:53.072400,14227162.0,Census Tract 1222,Block 1014,41.4313978856342,-81.57573980327562,1,1,1,1,0
11,12,1,1,20,3,1970-01-01 00:28:53.103000,13022015.0,Census Tract 1207.01,Block 2002,41.46605388167055,-81.59566366973868,1,1,1,1,1
12,12,2,2,0,2,1970-01-01 00:28:53.116800,13804149.0,Census Tract 1211,Block 2000,41.45155631500007,-81.59388894139487,1,1,0,1,3
13,12,2,2,1,2,1970-01-01 00:28:53.119800,12132051.0,Census Tract 1986,Block 1009,41.49013598316361,-81.60787221801412,1,1,1,1,3
14,12,2,2,1,2,1970-01-01 00:28:53.121000,10328005.0,Census Tract 1093.01,Block 1005,41.49572113739976,-81.66495950941653,1,1,1,1,3
15,11,27,4,15,7,1970-01-01 00:28:52.738980,13225081.0,Census Tract 1157,Block 1005,41.44626565781582,-81.64007751885524,1,1,18,1,0
16,11,30,7,20,4,1970-01-01 00:28:53.017920,1729015.0,Census Tract 1024.01,Block 2007,41.46439764554955,-81.74579330866277,1,1,0,1,1
17,12,1,1,1,3,1970-01-01 00:28:53.032800,2516100.0,Census Tract 1234,Block 2008,41.45068299600127,-81.81376582627024,1,1,20,1,3
18,12,1,1,9,3,1970-01-01 00:28:53.062500,,Census Tract 1972,Block 2016,41.503733999906245,-81.63352700463965,1,1,0,1,2
19,12,1,1,0,3,1970-01-01 00:28:53.029260,511146.0,Census Tract 1014,Block 2010,41.46362730270294,-81.76471447671089,1,1,18,1,3
20,12,1,1,8,3,1970-01-01 00:28:53.059800,1503064.0,Census Tract 1976,Block 1004,41.4647635279901,-81.70882105582311,1,1,0,1,2
21,12,1,1,2,3,1970-01-01 00:28:53.038200,10113003.0,Census Tract 1071.01,Block 3005,41.499459685714285,-81.70094783099125,1,1,0,1,3
22,12,1,1,10,3,1970-01-01 00:28:53.067900,,Census Tract 1223,Block 1003,41.43688499568621,-81.56057100303629,1,1,1,1,2
23,12,1,1,9,3,1970-01-01 00:28:53.063400,10820006.0,Census Tract 1164,Block 4004,41.536090391954325,-81.62089497282489,1,1,18,1,2
24,12,1,1,17,3,1970-01-01 00:28:53.092200,236067.0,Census Tract 1035,Block 2013,41.48434684039893,-81.71887451303755,1,1,1,1,0
25,12,1,1,13,3,1970-01-01 00:28:53.079360,10524026.0,Census Tract 1989,Block 1004,41.52577955223449,-81.64169522989692,1,1,18,1,0
26,12,1,1,18,3,1970-01-01 00:28:53.095800,1510085.0,Census Tract 1976,Block 4006,41.46087607793334,-81.70314889327489,1,1,1,1,0
28,12,1,1,20,3,1970-01-01 00:28:53.101200,721042.0,Census Tract 1038,Block 1010,41.46981506863753,-81.70606728346844,1,1,20,1,1
29,12,1,1,19,3,1970-01-01 00:28:53.099400,10128040.0,Census Tract 1077.01,Block 2043,41.49730209551483,-81.68886028181616,1,1,5,1,1
30,12,1,1,21,3,1970-01-01 00:28:53.106600,10919111.0,Census Tract 1182,Block 2003,41.52402296726363,-81.61001769470482,1,1,0,1,1
31,12,1,1,12,3,1970-01-01 00:28:53.074200,14401001.0,Census Tract 1197.01,Block 2004,41.47362699962484,-81.59117400000945,1,1,18,1,0
32,12,1,1,0,3,1970-01-01 00:28:53.029200,2633045.0,Census Tract 1237,Block 2010,41.42914083740873,-81.8276545584042,1,1,1,1,3
33,11,30,7,20,4,1970-01-01 00:28:53.015700,10904170.0,Census Tract 1164,Block 2007,41.53080079063533,-81.61799450138082,1,1,21,1,1
34,11,30,7,19,4,1970-01-01 00:28:53.011200,12108001.0,Census Tract 1968,Block 1015,41.50728994490751,-81.60494525569248,1,1,7,1,1
35,12,1,1,8,3,1970-01-01 00:28:53.058000,1409079.0,Census Tract 1974,Block 2010,41.44059744999419,-81.7093624375394,1,1,1,1,2
36,12,1,1,13,3,1970-01-01 00:28:53.077800,13210034.0,Census Tract 1109.01,Block 1003,41.4542526573134,-81.65443454123952,1,1,7,1,0
37,11,29,6,23,5,1970-01-01 00:28:52.941000,,Census Tract 1323.02,Block 2024,41.37931879136151,-81.5273479778702,1,1,9,1,1
38,12,1,1,15,3,1970-01-01 00:28:53.083200,836011.0,Census Tract 1048,Block 4000,41.46356224152735,-81.68865813036459,1,1,1,1,0
39,12,1,1,12,3,1970-01-01 00:28:53.074200,14401001.0,Census Tract 1197.01,Block 2004,41.47362699962484,-81.59117400000945,1,1,1,1,0
40,12,2,2,0,2,1970-01-01 00:28:53.115660,10827051.0,Census Tract 1165,Block 3007,41.53365700690262,-81.61211192057182,1,1,0,1,3
41,12,2,2,20,2,1970-01-01 00:28:53.187600,10127008.0,Census Tract 1077.01,Block 1011,41.500191466189975,-81.68747555832682,1,1,1,1,1
42,11,30,7,22,4,1970-01-01 00:28:53.022000,12919039.0,Census Tract 1194.02,Block 2003,41.47802093436578,-81.5986528865842,1,1,1,1,1
43,12,1,1,1,3,1970-01-01 00:28:53.035620,12417025.0,Census Tract 1984,Block 3014,41.48658972757856,-81.63323925288003,1,1,21,1,3
44,12,1,1,2,3,1970-01-01 00:28:53.036400,,Census Tract 1977,Block 1016,41.47736066919394,-81.69903494904634,1,1,20,1,3
45,12,1,1,7,3,1970-01-01 00:28:53.056200,226081.0,Census Tract 1019.01,Block 1005,41.47974885985212,-81.73116655075611,1,1,1,1,2
46,12,1,1,9,3,1970-01-01 00:28:53.063400,10820006.0,Census Tract 1164,Block 4004,41.536090391954325,-81.62089497282489,1,1,20,1,2
47,12,1,1,6,3,1970-01-01 00:28:53.051700,2009066.0,Census Tract 1246,Block 2003,41.43080237931683,-81.77938635856108,1,1,7,1,2
48,10,1,3,0,64,1970-01-01 00:28:47.758860,1408028.0,Census Tract 1974,Block 2005,41.44145741106521,-81.712023278664,1,1,18,1,3
49,12,1,1,15,3,1970-01-01 00:28:53.084700,10334012.0,Census Tract 1087.01,Block 3009,41.4940783851195,-81.65536863577303,1,1,9,1,0
50,12,1,1,15,3,1970-01-01 00:28:53.084820,12917036.0,Census Tract 1195.01,Block 3004,41.48008542495174,-81.59184864174763,1,1,0,1,0
51,11,27,4,12,7,1970-01-01 00:28:52.726800,1402101.0,Census Tract 1054,Block 2012,41.44905401223271,-81.70891315474147,1,1,18,1,0
53,12,1,1,21,3,1970-01-01 00:28:53.106900,1624094.0,Census Tract 1053,Block 4010,41.458133335764245,-81.71760719723763,1,1,18,1,1
54,12,1,1,21,3,1970-01-01 00:28:53.106900,1624094.0,Census Tract 1053,Block 4010,41.458133335764245,-81.71760719723763,1,1,1,1,1
55,12,1,1,21,3,1970-01-01 00:28:53.106600,1512112.0,Census Tract 1976,Block 4024,41.459637031455074,-81.71201646532346,1,1,0,1,1
58,12,2,2,0,2,1970-01-01 00:28:53.116980,12814093.0,Census Tract 1196,Block 3003,41.47964271365394,-81.61443192897048,1,1,1,1,3
59,11,27,4,5,7,1970-01-01 00:28:52.703400,14104056.0,Census Tract 1219,Block 2001,41.448797077684965,-81.57181285643553,1,1,2,1,3
60,11,30,7,20,4,1970-01-01 00:28:53.015700,10904170.0,Census Tract 1164,Block 2007,41.53080079063533,-81.61799450138082,1,1,21,1,1
61,11,30,7,22,4,1970-01-01 00:28:53.022000,523026.0,Census Tract 1016.03,Block 3002,41.47522699316622,-81.75414451830024,1,1,1,1,1
62,12,1,1,0,3,1970-01-01 00:28:53.029200,,Census Tract 1019.01,Block 2011,41.47340998571396,-81.73384898990301,1,1,0,1,3
63,12,1,1,1,3,1970-01-01 00:28:53.035620,12417025.0,Census Tract 1984,Block 3014,41.48658972757856,-81.63323925288003,1,1,0,1,3
64,12,1,1,1,3,1970-01-01 00:28:53.036280,13428040.0,Census Tract 1159,Block 3022,41.43500909202133,-81.61550789684354,1,1,1,1,3
65,11,30,7,8,4,1970-01-01 00:28:52.971600,1822058.0,Census Tract 1241,Block 4006,41.44912945984075,-81.77340886688417,1,1,0,1,2
66,12,1,1,6,3,1970-01-01 00:28:53.051700,2009066.0,Census Tract 1246,Block 2003,41.43080237931683,-81.77938635856108,1,1,2,1,2
68,12,1,1,17,3,1970-01-01 00:28:53.090400,,Census Tract 1019.01,Block 2013,41.47311780600057,-81.73473165272162,1,1,1,1,0
69,12,1,1,12,3,1970-01-01 00:28:53.072400,10804011.0,Census Tract 1114.01,Block 3004,41.53892884348968,-81.62459848359067,1,1,14,1,0
70,12,1,1,18,3,1970-01-01 00:28:53.094900,,Census Tract 1077.01,Block 1008,41.50289637303652,-81.68579612694116,1,1,20,1,0
71,12,1,1,23,3,1970-01-01 00:28:53.113560,12108001.0,Census Tract 1968,Block 1015,41.50728994490751,-81.60494525569248,1,1,0,1,1
72,12,2,2,0,2,1970-01-01 00:28:53.116800,13804149.0,Census Tract 1211,Block 2000,41.45155631500007,-81.59388894139487,1,1,20,1,3
73,11,30,7,16,4,1970-01-01 00:28:53.000400,11514102.0,Census Tract 1169,Block 2001,41.54901951791431,-81.57829172616074,1,1,9,1,0
74,11,30,7,19,4,1970-01-01 00:28:53.014320,13521108.0,Census Tract 1275.01,Block 2001,41.455881350211854,-81.6055802901733,1,1,1,1,1
75,11,30,7,15,4,1970-01-01 00:28:52.996800,11709096.0,Census Tract 1179,Block 1005,41.55493357198091,-81.55601700722166,1,1,0,1,0
76,11,30,7,21,4,1970-01-01 00:28:53.019300,836009.0,Census Tract 1048,Block 4000,41.45700253677134,-81.69017939893605,1,1,18,1,1
77,11,30,7,22,4,1970-01-01 00:28:53.024700,1417026.0,Census Tract 1068,Block 2001,41.43860941195496,-81.70329048892332,1,1,18,1,1
78,12,1,1,0,3,1970-01-01 00:28:53.031900,13202010.0,Census Tract 1980,Block 4012,41.46113799885083,-81.6418800004167,1,1,0,1,3
79,12,1,1,1,3,1970-01-01 00:28:53.035260,2309026.0,Census Tract 1243,Block 4016,41.435704260206414,-81.78575370265902,1,1,0,1,3
80,12,1,1,1,3,1970-01-01 00:28:53.036280,13428040.0,Census Tract 1159,Block 3022,41.43500909202133,-81.61550789684354,1,1,1,1,3
81,12,1,1,9,3,1970-01-01 00:28:53.063400,11021090.0,Census Tract 1166,Block 3004,41.53150626258965,-81.60420246953302,1,1,1,1,2
82,12,1,5,9,734,1970-01-01 00:27:49.906380,12922025.0,Census Tract 1197.02,Block 2003,41.47489001071692,-81.60288939447777,1,1,9,0,2
83,12,1,1,13,3,1970-01-01 00:28:53.077800,13210034.0,Census Tract 1109.01,Block 1003,41.4542526573134,-81.65443454123952,1,1,2,1,0
84,12,1,1,13,3,1970-01-01 00:28:53.077800,13210034.0,Census Tract 1109.01,Block 1003,41.4542526573134,-81.65443454123952,1,1,2,1,0
85,12,1,1,16,3,1970-01-01 00:28:53.088600,1828034.0,Census Tract 1241,Block 3003,41.45277831796368,-81.77862076946941,1,1,1,1,0
86,12,1,1,16,3,1970-01-01 00:28:53.089500,836011.0,Census Tract 1048,Block 4000,41.46356224152735,-81.68865813036459,1,1,1,1,0
87,12,1,1,17,3,1970-01-01 00:28:53.092200,10917035.0,Census Tract 1182,Block 3006,41.526052602915534,-81.61174506401352,1,1,15,1,0
88,12,1,1,15,3,1970-01-01 00:28:53.085000,11201001.0,Census Tract 1171.02,Block 3007,41.56628994648163,-81.58842624840375,1,1,0,1,0
89,12,1,1,19,3,1970-01-01 00:28:53.097600,,Census Tract 1196,Block 2010,41.46807999480067,-81.602878999866,1,1,0,1,1
90,12,1,1,20,3,1970-01-01 00:28:53.103000,13022015.0,Census Tract 1207.01,Block 2002,41.46605388167055,-81.59566366973868,1,1,20,1,1
91,12,1,1,0,3,1970-01-01 00:28:53.029800,13005043.0,Census Tract 1198,Block 3009,41.47036276924022,-81.59448091281051,1,1,1,1,3
92,12,1,1,23,3,1970-01-01 00:28:53.113260,,Census Tract 1021.01,Block 1000,41.46488799954433,-81.75969200101859,1,1,21,1,1
93,12,1,1,23,3,1970-01-01 00:28:53.114700,128012.0,Census Tract 1015.01,Block 1000,41.48000363520904,-81.75507645691049,1,1,7,1,1
94,12,1,1,23,3,1970-01-01 00:28:53.115240,511051.0,Census Tract 1014,Block 2008,41.4645800912172,-81.76270404415631,1,1,1,1,1
95,11,30,7,22,4,1970-01-01 00:28:53.023800,14314052.0,Census Tract 1223,Block 1002,41.43658290179495,-81.56114331516734,1,1,1,1,1
96,12,1,1,2,3,1970-01-01 00:28:53.036820,12515003.0,Census Tract 1148,Block 1000,41.47300888579741,-81.63480432742418,1,1,1,1,3
97,12,1,1,1,3,1970-01-01 00:28:53.032800,11727004.0,Census Tract 1261,Block 1010,41.55379283666424,-81.55096890601283,1,1,0,1,3
98,11,24,1,9,10,1970-01-01 00:28:52.458600,10915015.0,Census Tract 1165,Block 2010,41.53038873901688,-81.61088095377696,1,1,0,1,2
99,12,1,1,12,3,1970-01-01 00:28:53.072400,205056.0,Census Tract 1012.01,Block 1010,41.48534404172417,-81.73602830659668,1,1,0,1,0
100,12,1,1,11,3,1970-01-01 00:28:53.069700,10824023.0,Census Tract 1164,Block 4000,41.53446752243975,-81.61724441558933,1,1,20,1,0
101,12,1,1,15,3,1970-01-01 00:28:53.084700,10334012.0,Census Tract 1087.01,Block 3009,41.4940783851195,-81.65536863577303,1,1,17,1,0
102,11,30,7,13,4,1970-01-01 00:28:52.989600,,Census Tract 1236.03,Block 3002,41.45012160783827,-81.8167862510492,1,1,7,1,0
103,12,2,2,0,2,1970-01-01 00:28:53.117400,11019025.0,Census Tract 1166,Block 2003,41.532823967213545,-81.60523599834092,1,1,1,1,3
104,12,1,1,1,3,1970-01-01 00:28:53.035260,10109044.0,Census Tract 1071.01,Block 2016,41.5011330922292,-81.70009247239831,1,1,16,1,3
105,12,1,1,1,3,1970-01-01 00:28:53.032800,12905044.0,Census Tract 1194.01,Block 1007,41.48809435004296,-81.5985058260264,1,1,1,1,3
106,12,1,1,9,3,1970-01-01 00:28:53.061600,10820006.0,Census Tract 1164,Block 4004,41.536090391954325,-81.62089497282489,1,1,20,1,2
107,12,1,1,1,3,1970-01-01 00:28:53.032800,10127041.0,Census Tract 1077.01,Block 1040,41.50003489108069,-81.68787050986244,1,1,9,1,3
108,12,1,1,15,3,1970-01-01 00:28:53.084700,10334012.0,Census Tract 1087.01,Block 3009,41.4940783851195,-81.65536863577303,1,1,0,1,0
109,12,1,1,17,3,1970-01-01 00:28:53.090400,10902131.0,Census Tract 1164,Block 1003,41.53001206325175,-81.62244519381805,1,1,1,1,0
110,12,1,1,0,3,1970-01-01 00:28:53.029200,523026.0,Census Tract 1016.03,Block 3002,41.47522699316622,-81.75414451830024,1,1,0,1,3
111,11,21,5,3,13,1970-01-01 00:28:52.176000,10811082.0,Census Tract 1992,Block 2010,41.53962511286674,-81.61723454514896,1,1,2,1,3
112,12,1,1,18,3,1970-01-01 00:28:53.094900,,Census Tract 1077.01,Block 1008,41.50289637303652,-81.68579612694116,1,1,18,1,0
113,12,1,1,22,3,1970-01-01 00:28:53.110260,235193.0,Census Tract 1035,Block 2024,41.48106972505436,-81.71991245791051,1,1,0,1,1
114,12,1,1,8,3,1970-01-01 00:28:53.058000,531027.0,Census Tract 1017,Block 2001,41.47714071729664,-81.74394381121954,1,1,9,1,2
115,12,1,1,23,3,1970-01-01 00:28:53.114700,128012.0,Census Tract 1015.01,Block 1000,41.48000363520904,-81.75507645691049,1,1,0,1,1
118,11,30,7,19,4,1970-01-01 00:28:53.013360,109074.0,Census Tract 1012.01,Block 1013,41.482984844699146,-81.74222882583042,1,1,1,1,1
119,12,1,1,1,3,1970-01-01 00:28:53.032800,12905044.0,Census Tract 1194.01,Block 1007,41.48809435004296,-81.5985058260264,1,1,18,1,3
120,12,1,1,1,3,1970-01-01 00:28:53.032800,10530018.0,Census Tract 1117,Block 1000,41.53035474268584,-81.63404541991677,1,1,18,1,3
121,12,1,1,4,3,1970-01-01 00:28:53.046600,12525003.0,Census Tract 1980,Block 3001,41.47069830070791,-81.65058589852825,1,1,1,1,3
122,12,1,1,8,3,1970-01-01 00:28:53.058000,12012071.0,Census Tract 1991,Block 2014,41.52175913593342,-81.59975097973796,1,1,20,1,2
123,11,24,1,17,10,1970-01-01 00:28:52.488600,10311067.0,Census Tract 1077.01,Block 2018,41.49964185397977,-81.6784632761988,1,1,0,1,0
124,12,1,1,17,3,1970-01-01 00:28:53.090400,11531116.0,Census Tract 1175,Block 2018,41.55234876030008,-81.57039877810189,1,1,1,1,0
125,12,1,1,12,3,1970-01-01 00:28:53.072400,14227162.0,Census Tract 1222,Block 1014,41.4313978856342,-81.57573980327562,1,1,1,1,0
126,12,1,1,20,3,1970-01-01 00:28:53.103000,13022015.0,Census Tract 1207.01,Block 2002,41.46605388167055,-81.59566366973868,1,1,18,1,1
128,12,1,1,23,3,1970-01-01 00:28:53.114100,,Census Tract 1235.01,Block 3001,41.47036754929017,-81.76882699451167,1,1,3,1,1
129,12,1,1,0,3,1970-01-01 00:28:53.029200,2633045.0,Census Tract 1237,Block 2010,41.42914083740873,-81.8276545584042,1,1,1,1,3
130,12,2,2,1,2,1970-01-01 00:28:53.121000,10328005.0,Census Tract 1093.01,Block 1005,41.49572113739976,-81.66495950941653,1,1,1,1,3
131,12,2,2,1,2,1970-01-01 00:28:53.121420,1218044.0,Census Tract 1065,Block 2007,41.42617168194305,-81.72531308936489,1,1,18,1,3
133,11,30,7,23,4,1970-01-01 00:28:53.025600,2826012.0,Census Tract 1245,Block 4007,41.42783541407258,-81.80887687149219,1,1,1,1,1
134,12,1,1,1,3,1970-01-01 00:28:53.032800,2516100.0,Census Tract 1234,Block 2008,41.45068299600127,-81.81376582627024,1,1,1,1,3
135,12,1,1,8,3,1970-01-01 00:28:53.058000,12012071.0,Census Tract 1991,Block 2014,41.52175913593342,-81.59975097973796,1,1,9,1,2
136,12,1,1,1,3,1970-01-01 00:28:53.032800,2805001.0,Census Tract 1238,Block 2009,41.430606250188816,-81.82468420058456,1,1,1,1,3
137,12,1,1,11,3,1970-01-01 00:28:53.068800,12905044.0,Census Tract 1194.01,Block 1007,41.48809435004296,-81.5985058260264,1,1,2,1,0
138,12,1,1,11,3,1970-01-01 00:28:53.068800,12905044.0,Census Tract 1194.01,Block 1007,41.48809435004296,-81.5985058260264,1,1,0,1,0
139,11,29,6,14,5,1970-01-01 00:28:52.908600,,Census Tract 1196,Block 2010,41.46807999480067,-81.602878999866,1,1,0,1,0
140,11,30,7,20,4,1970-01-01 00:28:53.014800,12123016.0,Census Tract 1968,Block 1026,41.50280048226882,-81.61162483404654,1,1,18,1,1
141,9,27,6,19,68,1970-01-01 00:28:47.481600,1210061.0,Census Tract 1065,Block 1001,41.4299927509619,-81.72130484662559,1,1,18,1,1
142,12,1,1,14,3,1970-01-01 00:28:53.079600,1606076.0,Census Tract 1027,Block 5014,41.46404600113837,-81.72718377871202,1,1,0,1,0
143,11,30,7,21,4,1970-01-01 00:28:53.020200,10322079.0,Census Tract 1087.01,Block 1032,41.4977450079059,-81.66066197735395,1,1,9,1,1
144,12,1,1,2,3,1970-01-01 00:28:53.036400,,Census Tract 1979,Block 3039,41.47020989718097,-81.65465496294755,1,1,9,1,3
146,12,1,1,20,3,1970-01-01 00:28:53.104200,1818084.0,Census Tract 1241,Block 2006,41.44839696992161,-81.77068237293352,1,1,0,1,1
148,12,1,1,0,3,1970-01-01 00:28:53.029200,2633045.0,Census Tract 1237,Block 2010,41.42914083740873,-81.8276545584042,1,1,20,1,3
150,11,30,7,0,4,1970-01-01 00:28:52.942800,1616103.0,Census Tract 1051,Block 2004,41.46192330938104,-81.72772636290637,1,1,1,1,3
151,11,30,7,19,4,1970-01-01 00:28:53.011200,14110011.0,Census Tract 1221,Block 2002,41.44981804206,-81.56190319742224,1,1,9,1,1
152,11,30,7,21,4,1970-01-01 00:28:53.018400,13003075.0,Census Tract 1198,Block 2000,41.47021821427074,-81.5981361286797,1,1,0,1,1
153,11,30,7,22,4,1970-01-01 00:28:53.023140,13717007.0,Census Tract 1207.02,Block 2016,41.457831584979246,-81.59321962188739,1,1,1,1,1
154,12,1,1,1,3,1970-01-01 00:28:53.035260,10109044.0,Census Tract 1071.01,Block 2016,41.5011330922292,-81.70009247239831,1,1,0,1,3
155,12,1,1,1,3,1970-01-01 00:28:53.035920,,Census Tract 1023,Block 2003,41.46212699444406,-81.75331999947333,1,1,0,1,3
156,12,1,1,1,3,1970-01-01 00:28:53.035920,,Census Tract 1023,Block 2003,41.46212699444406,-81.75331999947333,1,1,0,1,3
157,12,1,1,1,3,1970-01-01 00:28:53.032800,12905044.0,Census Tract 1194.01,Block 1007,41.48809435004296,-81.5985058260264,1,1,20,1,3
158,12,1,1,0,3,1970-01-01 00:28:53.029260,511146.0,Census Tract 1014,Block 2010,41.46362730270294,-81.76471447671089,1,1,20,1,3
159,12,1,1,10,3,1970-01-01 00:28:53.066640,11920016.0,Census Tract 1968,Block 1022,41.50409372831111,-81.6129877556952,1,1,0,1,2
160,12,1,1,2,3,1970-01-01 00:28:53.038200,10113003.0,Census Tract 1071.01,Block 3005,41.499459685714285,-81.70094783099125,1,1,18,1,3
161,11,30,7,22,4,1970-01-01 00:28:53.022000,2723039.0,Census Tract 1242.02,Block 1003,41.43513728095037,-81.80588373750334,1,1,1,1,1
162,12,1,1,13,3,1970-01-01 00:28:53.077800,13210034.0,Census Tract 1109.01,Block 1003,41.4542526573134,-81.65443454123952,1,1,7,1,0
163,12,1,1,11,3,1970-01-01 00:28:53.069700,10824023.0,Census Tract 1164,Block 4000,41.53446752243975,-81.61724441558933,1,1,18,1,0
164,12,1,1,15,3,1970-01-01 00:28:53.084820,12917036.0,Census Tract 1195.01,Block 3004,41.48008542495174,-81.59184864174763,1,1,3,1,0
165,12,1,1,15,3,1970-01-01 00:28:53.085600,12911036.0,Census Tract 1195.02,Block 1002,41.48679535572654,-81.59447209120208,1,1,0,1,0
166,12,1,1,23,3,1970-01-01 00:28:53.112480,12922108.0,Census Tract 1197.02,Block 2001,41.4771303758517,-81.6017246840709,1,1,0,1,1
167,12,2,2,1,2,1970-01-01 00:28:53.121000,10328005.0,Census Tract 1093.01,Block 1005,41.49572113739976,-81.66495950941653,1,1,18,1,3
170,11,30,7,8,4,1970-01-01 00:28:52.973100,1421151.0,Census Tract 1068,Block 2011,41.43563974395219,-81.6984685244869,1,1,1,1,2
171,11,30,7,2,4,1970-01-01 00:28:52.951800,1729015.0,Census Tract 1024.01,Block 2007,41.46439764554955,-81.74579330866277,1,1,15,1,3
172,12,1,1,3,3,1970-01-01 00:28:53.040000,10921028.0,Census Tract 1165,Block 2009,41.52832340924655,-81.60761941457001,1,1,7,1,3
173,12,1,1,2,3,1970-01-01 00:28:53.038800,,Census Tract 1077.01,Block 1011,41.50015845985445,-81.68772397736448,1,1,0,1,3
174,12,1,1,7,3,1970-01-01 00:28:53.055180,10908089.0,Census Tract 1181.01,Block 1002,41.526391038998106,-81.62008216640994,1,1,0,1,2
175,12,1,1,9,3,1970-01-01 00:28:53.061600,1816119.0,Census Tract 1021.01,Block 3008,41.457151836046044,-81.76404946637409,1,1,1,1,2
176,12,1,1,10,3,1970-01-01 00:28:53.065200,13213131.0,Census Tract 1981,Block 2000,41.456045949526505,-81.64681549577155,1,1,18,1,2
177,12,1,1,12,3,1970-01-01 00:28:53.073600,,Census Tract 1261,Block 1010,41.55514199852531,-81.55270500265857,1,1,19,1,0
178,12,1,1,14,3,1970-01-01 00:28:53.080440,,Census Tract 1077.01,Block 2022,41.50024793531931,-81.68309639417457,1,1,0,1,0
179,12,1,1,16,3,1970-01-01 00:28:53.086800,12515003.0,Census Tract 1148,Block 1000,41.47300411190041,-81.6358715861811,1,1,1,1,0
180,12,1,1,18,3,1970-01-01 00:28:53.094000,108033.0,Census Tract 1012.01,Block 1013,41.482898053980406,-81.74322202066773,1,1,1,1,0
182,12,1,1,19,3,1970-01-01 00:28:53.099400,10128040.0,Census Tract 1077.01,Block 2043,41.49730209551483,-81.68886028181616,1,1,0,1,1
184,12,2,2,1,2,1970-01-01 00:28:53.119200,,Census Tract 1972,Block 2018,41.50158083550819,-81.65176314887046,1,1,0,1,3
185,11,30,7,18,4,1970-01-01 00:28:53.009400,2223096.0,Census Tract 1243,Block 4007,41.43987631625731,-81.78092065778526,1,1,1,1,0
186,11,30,7,20,4,1970-01-01 00:28:53.016600,13719071.0,Census Tract 1212,Block 2004,41.45584834761822,-81.58562530413506,1,1,0,1,1
187,11,30,7,22,4,1970-01-01 00:28:53.022000,11022045.0,Census Tract 1166,Block 3002,41.53178037636646,-81.60177981970266,1,1,1,1,1
188,12,1,1,4,3,1970-01-01 00:28:53.047080,1809009.0,Census Tract 1021.01,Block 1000,41.46462966244621,-81.7604816036918,1,1,1,1,3
189,12,1,1,5,3,1970-01-01 00:28:53.049900,10332008.0,Census Tract 1097.01,Block 2023,41.49091809049244,-81.66059325435988,1,1,1,1,3
190,12,1,1,2,3,1970-01-01 00:28:53.038200,10113003.0,Census Tract 1071.01,Block 3005,41.499459685714285,-81.70094783099125,1,1,20,1,3
191,12,1,1,14,3,1970-01-01 00:28:53.079600,1606076.0,Census Tract 1027,Block 5014,41.46404600113837,-81.72718377871202,1,1,0,1,0
192,12,1,1,0,3,1970-01-01 00:28:53.029200,523026.0,Census Tract 1016.03,Block 3002,41.47522699316622,-81.75414451830024,1,1,18,1,3
193,12,1,1,20,3,1970-01-01 00:28:53.101200,11717002.0,Census Tract 1261,Block 2002,41.55144990528628,-81.55814212954603,1,1,1,1,1
194,12,1,1,20,3,1970-01-01 00:28:53.101200,11717002.0,Census Tract 1261,Block 2002,41.55144990528628,-81.55814212954603,1,1,18,1,1
195,12,1,1,20,3,1970-01-01 00:28:53.103420,10225051.0,Census Tract 1078.02,Block 3003,41.50608881324228,-81.67515994304264,1,1,1,1,1
196,12,1,1,23,3,1970-01-01 00:28:53.113260,,Census Tract 1021.01,Block 1000,41.46488799954433,-81.75969200101859,1,1,0,1,1
197,11,30,7,22,4,1970-01-01 00:28:53.024100,602049.0,Census Tract 1017,Block 3000,41.47231809806477,-81.7421634675812,1,1,0,1,1
198,11,30,7,9,4,1970-01-01 00:28:52.978200,13903044.0,Census Tract 1208.02,Block 2003,41.45750065286545,-81.58295375027102,1,1,9,1,2
200,12,1,1,1,3,1970-01-01 00:28:53.032800,2516100.0,Census Tract 1234,Block 2008,41.45068299600127,-81.81376582627024,1,1,0,1,3
201,12,1,1,7,3,1970-01-01 00:28:53.054880,,Census Tract 1771.04,Block 1001,41.41869085211844,-81.72809289581392,1,1,4,1,2
202,11,28,5,18,6,1970-01-01 00:28:52.837620,1328052.0,Census Tract 1062,Block 1011,41.4373939451884,-81.7170097759555,1,1,18,1,0
203,12,1,1,9,3,1970-01-01 00:28:53.062500,13013006.0,Census Tract 1199,Block 2003,41.464361086238334,-81.58264801571013,1,1,18,1,2
204,12,1,1,9,3,1970-01-01 00:28:53.061600,1816119.0,Census Tract 1021.01,Block 3008,41.457151836046044,-81.76404946637409,1,1,0,1,2
205,12,1,1,6,3,1970-01-01 00:28:53.051700,2009066.0,Census Tract 1246,Block 2003,41.43080237931683,-81.77938635856108,1,1,18,1,2
206,11,29,6,13,5,1970-01-01 00:28:52.905600,11021095.0,Census Tract 1166,Block 3004,41.5321624045986,-81.60419077420785,1,1,8,1,0
207,12,1,1,16,3,1970-01-01 00:28:53.088300,12808007.0,Census Tract 1986,Block 4000,41.4842658849586,-81.60593808643311,1,1,0,1,0
208,12,1,1,15,3,1970-01-01 00:28:53.083200,836011.0,Census Tract 1048,Block 4000,41.46356224152735,-81.68865813036459,1,1,0,1,0
209,12,1,1,15,3,1970-01-01 00:28:53.083200,836011.0,Census Tract 1048,Block 4000,41.46356224152735,-81.68865813036459,1,1,1,1,0
210,12,1,1,11,3,1970-01-01 00:28:53.070600,10508048.0,Census Tract 1112.02,Block 2005,41.52424253650105,-81.65036217286539,1,1,18,1,0
211,12,1,1,1,3,1970-01-01 00:28:53.035620,12417025.0,Census Tract 1984,Block 3014,41.48658972757856,-81.63323925288003,1,1,15,1,3
212,12,1,1,1,3,1970-01-01 00:28:53.035620,12417025.0,Census Tract 1984,Block 3014,41.48658972757856,-81.63323925288003,1,1,21,1,3
213,12,1,1,1,3,1970-01-01 00:28:53.032800,10530018.0,Census Tract 1117,Block 1000,41.53035474268584,-81.63404541991677,1,1,20,1,3
214,12,1,1,6,3,1970-01-01 00:28:53.052000,10529016.0,Census Tract 1989,Block 1011,41.51931085678664,-81.63861876999675,1,1,0,1,2
215,12,1,1,10,3,1970-01-01 00:28:53.067000,,Census Tract 1077.01,Block 2027,41.49923202450972,-81.68410599434375,1,1,9,1,2
216,12,1,1,9,3,1970-01-01 00:28:53.063400,10820006.0,Census Tract 1164,Block 4004,41.536090391954325,-81.62089497282489,1,1,0,1,2
217,12,1,1,7,3,1970-01-01 00:28:53.054400,2309026.0,Census Tract 1243,Block 4016,41.435704260206414,-81.78575370265902,1,1,0,1,2
218,12,1,1,13,3,1970-01-01 00:28:53.077800,12416010.0,Census Tract 1984,Block 2004,41.48760671755083,-81.63678955932455,1,1,20,1,0
219,12,1,1,17,3,1970-01-01 00:28:53.093340,10308026.0,Census Tract 1087.01,Block 1005,41.50211184148869,-81.65889993058539,1,1,0,1,0
221,12,1,1,19,3,1970-01-01 00:28:53.098260,2932010.0,Census Tract 9805,Block 1005,41.41103810442929,-81.83795692088579,1,1,1,1,1
223,12,1,1,12,3,1970-01-01 00:28:53.074200,14401001.0,Census Tract 1197.01,Block 2004,41.47362699962484,-81.59117400000945,1,1,20,1,0
224,12,2,2,1,2,1970-01-01 00:28:53.121000,13917067.0,Census Tract 1208.01,Block 2000,41.45383989112049,-81.57305848827242,1,1,0,1,3
225,11,30,7,15,4,1970-01-01 00:28:52.996800,12319057.0,Census Tract 1979,Block 3030,41.476903003272064,-81.65765233835272,1,1,9,1,0
226,11,30,7,20,4,1970-01-01 00:28:53.015700,10904170.0,Census Tract 1164,Block 2007,41.53080079063533,-81.61799450138082,1,1,21,1,1
227,11,30,7,21,4,1970-01-01 00:28:53.019300,10715072.0,Census Tract 1122,Block 2007,41.51734171923519,-81.62751352839034,1,1,20,1,1
228,11,30,7,22,4,1970-01-01 00:28:53.023800,1507119.0,Census Tract 1053,Block 1000,41.46209896209292,-81.71048294595067,1,1,1,1,1
229,11,30,7,23,4,1970-01-01 00:28:53.027400,,Census Tract 1204,Block 2001,41.46549099979799,-81.61669500418223,1,1,3,1,1
230,12,1,1,1,3,1970-01-01 00:28:53.032800,12829057.0,Census Tract 1986,Block 4009,41.48107172165494,-81.60348598671419,1,1,0,1,3
231,12,1,1,2,3,1970-01-01 00:28:53.036820,12515003.0,Census Tract 1148,Block 1000,41.47300888579741,-81.63480432742418,1,1,1,1,3
232,12,1,1,9,3,1970-01-01 00:28:53.061600,1523022.0,Census Tract 1054,Block 1003,41.45150241429472,-81.7111105421298,1,1,18,1,2
233,12,1,1,9,3,1970-01-01 00:28:53.061600,10820006.0,Census Tract 1164,Block 4004,41.536090391954325,-81.62089497282489,1,1,0,1,2
235,12,1,1,15,3,1970-01-01 00:28:53.084700,10334012.0,Census Tract 1087.01,Block 3009,41.4940783851195,-81.65536863577303,1,1,0,1,0
236,12,1,1,17,3,1970-01-01 00:28:53.090400,10902131.0,Census Tract 1164,Block 1003,41.53001206325175,-81.62244519381805,1,1,7,1,0
237,12,1,1,15,3,1970-01-01 00:28:53.085000,11201001.0,Census Tract 1171.02,Block 3007,41.56628994648163,-81.58842624840375,1,1,20,1,0
238,12,1,1,17,3,1970-01-01 00:28:53.090400,,Census Tract 1019.01,Block 2013,41.47311780600057,-81.73473165272162,1,1,18,1,0
240,12,1,1,15,3,1970-01-01 00:28:53.083200,836011.0,Census Tract 1048,Block 4000,41.46356224152735,-81.68865813036459,1,1,0,1,0
242,12,1,1,0,3,1970-01-01 00:28:53.031900,13202010.0,Census Tract 1980,Block 4012,41.46113799885083,-81.6418800004167,1,1,2,1,3
243,12,1,1,9,3,1970-01-01 00:28:53.062500,,Census Tract 1972,Block 2016,41.503733999906245,-81.63352700463965,1,1,9,1,2
244,12,1,1,9,3,1970-01-01 00:28:53.062500,,Census Tract 1972,Block 2016,41.503733999906245,-81.63352700463965,1,1,1,1,2
245,11,30,7,20,4,1970-01-01 00:28:53.014800,10825034.0,Census Tract 1165,Block 3002,41.53657891251898,-81.61275564391691,1,1,0,1,1
246,12,1,1,15,3,1970-01-01 00:28:53.084040,11920016.0,Census Tract 1968,Block 1022,41.50409372831111,-81.6129877556952,1,1,0,1,0
247,12,1,1,19,3,1970-01-01 00:28:53.099400,10128040.0,Census Tract 1077.01,Block 2043,41.49730209551483,-81.68886028181616,1,1,1,1,1
248,12,1,1,18,3,1970-01-01 00:28:53.094900,,Census Tract 1077.01,Block 1008,41.50289637303652,-81.68579612694116,1,1,0,1,0
249,12,1,1,23,3,1970-01-01 00:28:53.113260,,Census Tract 1021.01,Block 1000,41.46488799954433,-81.75969200101859,1,1,21,1,1
250,12,2,2,0,2,1970-01-01 00:28:53.115600,730035.0,Census Tract 1029,Block 2004,41.46702671989345,-81.70772257766531,1,1,7,1,3
251,11,29,6,22,5,1970-01-01 00:28:52.935600,10222003.0,Census Tract 1078.02,Block 2000,41.502901397400045,-81.68562970594552,1,1,0,1,1
252,12,2,2,0,2,1970-01-01 00:28:53.115600,816130.0,Census Tract 1048,Block 3009,41.46412859883017,-81.6965902662769,1,1,20,1,3
254,12,2,2,2,2,1970-01-01 00:28:53.124600,1810099.0,Census Tract 1021.01,Block 1002,41.4630740001435,-81.75970499167124,1,1,0,1,3
255,12,2,2,2,2,1970-01-01 00:28:53.122800,11029096.0,Census Tract 1991,Block 2007,41.52423498830851,-81.59975154659922,1,1,1,1,3
256,11,20,4,8,14,1970-01-01 00:28:52.107600,10902023.0,Census Tract 1164,Block 2005,41.531399310722975,-81.6221102476602,1,1,18,1,2
257,12,2,2,10,2,1970-01-01 00:28:53.151840,13414126.0,Census Tract 1158,Block 3002,41.44198774846532,-81.62629157498131,1,1,7,1,2
258,11,30,7,2,4,1970-01-01 00:28:52.951800,117030.0,Census Tract 1011.02,Block 1004,41.485754084500165,-81.75887536302818,1,1,0,1,3
259,12,2,2,8,2,1970-01-01 00:28:53.144400,12908075.0,Census Tract 1194.01,Block 2006,41.48593525492737,-81.5997158286949,1,1,11,1,2
260,11,25,2,0,9,1970-01-01 00:28:52.510800,1617074.0,Census Tract 1051,Block 2007,41.45819871797957,-81.72633690142207,1,1,0,1,3
261,12,2,2,6,2,1970-01-01 00:28:53.140260,1819095.0,Census Tract 1241,Block 2003,41.451262434029175,-81.77203078031029,1,1,0,1,2
262,12,2,2,0,2,1970-01-01 00:28:53.115600,1408044.0,Census Tract 1974,Block 2007,41.44147070377963,-81.71386434262256,1,1,18,1,3
263,11,22,6,12,12,1970-01-01 00:28:52.294800,14106108.0,Census Tract 1219,Block 1010,41.44280973027705,-81.56837704541084,1,1,20,1,0
264,12,2,2,9,2,1970-01-01 00:28:53.148000,11105006.0,Census Tract 1163,Block 2009,41.541545897026246,-81.602874008777,1,1,1,1,2
265,12,2,2,22,2,1970-01-01 00:28:53.196000,607075.0,Census Tract 1018,Block 2005,41.47339142133368,-81.73547501979797,1,1,4,1,1
267,12,1,1,16,3,1970-01-01 00:28:53.086800,326008.0,Census Tract 1036.02,Block 1008,41.48889502107234,-81.7132433887275,1,1,9,1,0
268,12,2,2,11,2,1970-01-01 00:28:53.155200,,Census Tract 1181.01,Block 2014,41.52438403419563,-81.62093400164795,1,1,0,1,0
269,12,3,3,0,1,1970-01-01 00:28:53.202000,2617001.0,Census Tract 1236.02,Block 1005,41.43422556372406,-81.8358645254541,1,1,18,1,3
270,12,2,2,15,2,1970-01-01 00:28:53.170500,10318005.0,Census Tract 1087.01,Block 1016,41.50131723440648,-81.65464071071149,1,1,20,1,0
272,12,2,2,4,2,1970-01-01 00:28:53.133000,1233009.0,Census Tract 1065,Block 3002,41.41946345369747,-81.72720832903799,1,1,2,1,3
273,12,2,2,10,2,1970-01-01 00:28:53.151840,13414126.0,Census Tract 1158,Block 3002,41.44198774846532,-81.62629157498131,1,1,1,1,2
274,12,2,2,10,2,1970-01-01 00:28:53.152200,,Census Tract 1275.01,Block 1043,41.44515171208715,-81.62281526817124,1,1,18,1,2
275,12,2,2,0,2,1970-01-01 00:28:53.115600,932084.0,Census Tract 1057,Block 2012,41.44046013790158,-81.68754239384059,1,1,9,1,3
276,12,2,2,8,2,1970-01-01 00:28:53.144400,11526049.0,Census Tract 1175,Block 1003,41.55734640067477,-81.56768682057535,1,1,18,1,2
277,12,2,2,12,2,1970-01-01 00:28:53.159400,,Census Tract 1069,Block 1000,41.422817453182745,-81.69463312139774,1,1,1,1,0
278,7,1,2,6,156,1970-01-01 00:28:39.831600,12817046.0,Census Tract 1202,Block 2005,41.476101961797816,-81.61803139796673,1,1,18,1,2
279,12,2,2,15,2,1970-01-01 00:28:53.171400,10324064.0,Census Tract 1087.01,Block 1020,41.49714291508552,-81.65171635268956,1,1,1,1,0
280,12,1,1,12,3,1970-01-01 00:28:53.072400,529091.0,Census Tract 1017,Block 3002,41.4731321054684,-81.74397044705469,1,1,0,1,0
281,12,2,2,2,2,1970-01-01 00:28:53.122800,1504169.0,Census Tract 1976,Block 1001,41.46342814776828,-81.70554715403995,1,1,20,1,3
282,11,28,5,21,6,1970-01-01 00:28:52.845600,12828004.0,Census Tract 1196,Block 1004,41.48019333687104,-81.6097750739275,1,1,1,1,1
283,11,30,7,3,4,1970-01-01 00:28:52.953600,2302003.0,Census Tract 1242.02,Block 2001,41.43635425444107,-81.80059675605057,1,1,0,1,3
284,12,2,2,22,2,1970-01-01 00:28:53.196540,1512112.0,Census Tract 1976,Block 4024,41.459637031455074,-81.71201646532346,1,1,20,1,1
285,12,2,2,22,2,1970-01-01 00:28:53.196000,607075.0,Census Tract 1018,Block 2005,41.47339142133368,-81.73547501979797,1,1,4,1,1
286,11,30,7,15,4,1970-01-01 00:28:52.996800,,Census Tract 1077.01,Block 1040,41.498586278914814,-81.68820644551731,1,1,12,1,0
288,12,2,2,10,2,1970-01-01 00:28:53.151600,1826001.0,Census Tract 1964,Block 1001,41.4481190709377,-81.77968571873797,1,1,0,1,2
289,11,29,6,0,5,1970-01-01 00:28:52.856700,10335005.0,Census Tract 1098.01,Block 3001,41.48922361013533,-81.65778494441332,1,1,0,1,3
290,12,1,1,20,3,1970-01-01 00:28:53.101200,13508027.0,Census Tract 1205,Block 2008,41.45992987794198,-81.61067976393686,1,1,0,1,1
291,12,2,2,0,2,1970-01-01 00:28:53.116860,13801028.0,Census Tract 1214.01,Block 2005,41.44884752504322,-81.60086946369881,1,1,8,1,3
292,12,2,2,12,2,1970-01-01 00:28:53.158800,11620029.0,Census Tract 1175,Block 2002,41.55968379310427,-81.56541175957479,1,1,2,1,0
293,12,2,2,2,2,1970-01-01 00:28:53.122800,11029096.0,Census Tract 1991,Block 2007,41.52423498830851,-81.59975154659922,1,1,18,1,3
294,12,2,2,3,2,1970-01-01 00:28:53.129520,,Census Tract 1028,Block 1006,41.46736004127192,-81.71830179467683,1,1,20,1,3
295,12,2,2,10,2,1970-01-01 00:28:53.153220,1807006.0,Census Tract 1021.01,Block 3001,41.46289597735686,-81.76577112042348,1,1,0,1,2
296,12,2,2,15,2,1970-01-01 00:28:53.170800,730122.0,Census Tract 1029,Block 2005,41.46699883928297,-81.70968877686114,1,1,11,1,0
297,11,26,3,15,8,1970-01-01 00:28:52.653000,2435028.0,Census Tract 1235.02,Block 2000,41.45878332884401,-81.79223204494009,1,1,18,1,0
298,12,2,2,12,2,1970-01-01 00:28:53.158800,10136006.0,Census Tract 1077.01,Block 1010,41.50058965386709,-81.68473091228243,1,1,18,1,0
299,12,2,2,21,2,1970-01-01 00:28:53.194200,,Census Tract 1071.01,Block 3001,41.50082067758844,-81.70216036256019,1,1,0,1,1
301,9,19,5,12,76,1970-01-01 00:28:46.765200,14207090.0,Census Tract 1215,Block 2002,41.44811437729852,-81.57546827980707,1,1,8,1,0
302,12,2,2,8,2,1970-01-01 00:28:53.144400,12908075.0,Census Tract 1194.01,Block 2006,41.48593525492737,-81.5997158286949,1,1,1,1,2
303,12,2,2,13,2,1970-01-01 00:28:53.164200,2738109.0,Census Tract 1242.01,Block 2015,41.44192411526004,-81.79494697243295,1,1,0,1,0
304,12,2,2,14,2,1970-01-01 00:28:53.166000,,Census Tract 1179,Block 2006,41.54738805509658,-81.5626574497088,1,1,11,1,0
305,12,2,2,14,2,1970-01-01 00:28:53.166000,14320049.0,Census Tract 1223,Block 2005,41.430255958703,-81.55411405553036,1,1,0,1,0
306,12,2,2,15,2,1970-01-01 00:28:53.170500,10318005.0,Census Tract 1087.01,Block 1016,41.50131723440648,-81.65464071071149,1,1,0,1,0
307,12,2,2,16,2,1970-01-01 00:28:53.173200,11315095.0,Census Tract 1172.03,Block 1003,41.5742963160343,-81.56837666223281,1,1,0,1,0
308,12,2,2,23,2,1970-01-01 00:28:53.198400,1501096.0,Census Tract 1028,Block 2010,41.46605886163898,-81.71427575371084,1,1,18,1,1
309,12,2,2,0,2,1970-01-01 00:28:53.115600,730035.0,Census Tract 1029,Block 2004,41.46702671989345,-81.70772257766531,1,1,1,1,3
310,7,1,2,12,156,1970-01-01 00:28:39.853200,13008092.0,Census Tract 1198,Block 1005,41.46767173732259,-81.590730356076,1,1,8,1,0
311,12,1,1,0,3,1970-01-01 00:28:53.029200,11403123.0,Census Tract 1177,Block 4007,41.58742302624761,-81.55508917914578,1,1,18,1,3
312,12,1,1,2,3,1970-01-01 00:28:53.036400,2128001.0,Census Tract 1235.01,Block 2002,41.46491165967305,-81.78164510727795,1,1,20,1,3
313,12,2,2,8,2,1970-01-01 00:28:53.144400,,Census Tract 1988,Block 3004,41.513862511905,-81.62465062556235,1,1,1,1,2
314,11,29,6,8,5,1970-01-01 00:28:52.887000,14402105.0,Census Tract 1197.01,Block 1013,41.47256246039244,-81.58523341915435,1,1,0,1,2
315,12,2,2,8,2,1970-01-01 00:28:53.144400,,Census Tract 1172.01,Block 3004,41.57999477131412,-81.5720461181035,1,1,18,1,2
316,11,30,7,21,4,1970-01-01 00:28:53.018400,12417025.0,Census Tract 1984,Block 3014,41.48658972757856,-81.63323925288003,1,1,2,1,1
317,12,2,2,0,2,1970-01-01 00:28:53.115600,1408044.0,Census Tract 1974,Block 2007,41.44147070377963,-81.71386434262256,1,1,18,1,3
318,12,2,2,8,2,1970-01-01 00:28:53.144400,11014076.0,Census Tract 1168,Block 3014,41.535335896375074,-81.59499301142452,1,1,14,1,2
319,4,1,2,0,247,1970-01-01 00:28:31.947600,,Census Tract 1069,Block 1000,41.42269370945654,-81.69399381393517,1,1,6,1,3
320,12,2,2,21,2,1970-01-01 00:28:53.191500,11909053.0,Census Tract 1189,Block 1009,41.50941867595447,-81.62299081926311,1,1,0,1,1
321,12,2,2,0,2,1970-01-01 00:28:53.115600,730035.0,Census Tract 1029,Block 2004,41.46702671989345,-81.70772257766531,1,1,1,1,3
322,11,27,4,17,7,1970-01-01 00:28:52.744800,2022006.0,Census Tract 1246,Block 5000,41.42261863254932,-81.78028251737004,1,1,18,1,0
323,12,2,2,13,2,1970-01-01 00:28:53.165280,11220022.0,Census Tract 1171.01,Block 2000,41.57176456268595,-81.57772965044768,1,1,1,1,0
324,11,25,2,22,9,1970-01-01 00:28:52.590000,1003042.0,Census Tract 1069,Block 3006,41.43072958427722,-81.68885614116739,1,1,20,1,1
325,11,22,6,12,12,1970-01-01 00:28:52.294800,14106108.0,Census Tract 1219,Block 1010,41.44280973027705,-81.56837704541084,1,1,18,1,0
326,12,2,2,14,2,1970-01-01 00:28:53.166000,,Census Tract 1179,Block 2006,41.54738805509658,-81.5626574497088,1,1,1,1,0
327,12,2,2,14,2,1970-01-01 00:28:53.168460,,Census Tract 1051,Block 1007,41.45874799828307,-81.72099999410086,1,1,0,1,0
328,11,26,3,15,8,1970-01-01 00:28:52.653000,2435028.0,Census Tract 1235.02,Block 2000,41.45878332884401,-81.79223204494009,1,1,2,1,0
329,12,2,2,22,2,1970-01-01 00:28:53.196000,11927059.0,Census Tract 1972,Block 4007,41.49626926154807,-81.63222491893659,1,1,1,1,1
330,12,2,2,4,2,1970-01-01 00:28:53.133300,,Census Tract 1154,Block 1005,41.45431999625794,-81.64492800010422,1,1,15,1,3
331,12,2,2,7,2,1970-01-01 00:28:53.140800,13122082.0,Census Tract 1979,Block 1009,41.46650520902477,-81.65067715003804,1,1,20,1,2
332,11,26,3,7,8,1970-01-01 00:28:52.623000,12726090.0,Census Tract 1206,Block 3008,41.46361774698047,-81.608128383599,1,1,18,1,2
333,12,2,2,8,2,1970-01-01 00:28:53.146920,1420109.0,Census Tract 1068,Block 2009,41.43634646906917,-81.70276010069242,1,1,0,1,2
334,11,30,7,21,4,1970-01-01 00:28:53.018400,12417025.0,Census Tract 1984,Block 3014,41.48658972757856,-81.63323925288003,1,1,18,1,1
335,12,2,2,10,2,1970-01-01 00:28:53.153160,13804034.0,Census Tract 1214.01,Block 2008,41.449016991297526,-81.59150337819082,1,1,10,1,2
336,11,29,6,0,5,1970-01-01 00:28:52.856700,10335005.0,Census Tract 1098.01,Block 3001,41.48922361013533,-81.65778494441332,1,1,8,1,3
337,12,2,2,12,2,1970-01-01 00:28:53.158800,11620029.0,Census Tract 1175,Block 2002,41.55968379310427,-81.56541175957479,1,1,18,1,0
338,11,25,2,0,9,1970-01-01 00:28:52.510800,,Census Tract 1029,Block 2000,41.46907856777922,-81.71026872728042,1,1,18,1,3
339,12,2,2,16,2,1970-01-01 00:28:53.175000,511045.0,Census Tract 1014,Block 2008,41.46415146255275,-81.76269766694695,1,1,0,1,0
340,12,2,2,2,2,1970-01-01 00:28:53.124600,1810099.0,Census Tract 1021.01,Block 1002,41.4630740001435,-81.75970499167124,1,1,0,1,3
341,12,2,2,2,2,1970-01-01 00:28:53.122800,11029096.0,Census Tract 1991,Block 2007,41.52423498830851,-81.59975154659922,1,1,1,1,3
342,12,2,2,0,2,1970-01-01 00:28:53.115600,1601005.0,Census Tract 1027,Block 5011,41.46195544380925,-81.73699469565209,1,1,18,1,3
343,12,1,1,12,3,1970-01-01 00:28:53.072400,529091.0,Census Tract 1017,Block 3002,41.4731321054684,-81.74397044705469,1,1,0,1,0
344,12,2,2,0,2,1970-01-01 00:28:53.116860,13801028.0,Census Tract 1214.01,Block 2005,41.44884752504322,-81.60086946369881,1,1,0,1,3
345,12,2,2,12,2,1970-01-01 00:28:53.161500,11631001.0,Census Tract 1178,Block 2012,41.57305497942866,-81.54860015724138,1,1,1,1,0
346,12,2,2,14,2,1970-01-01 00:28:53.166000,,Census Tract 1179,Block 2006,41.54738805509658,-81.5626574497088,1,1,7,1,0
347,11,30,7,19,4,1970-01-01 00:28:53.013000,11301003.0,Census Tract 1172.01,Block 3004,41.580634554014,-81.57205414980872,1,1,1,1,1
348,12,1,1,22,3,1970-01-01 00:28:53.110200,,Census Tract 1036.02,Block 4005,41.48607399587837,-81.70487199675365,1,1,9,1,1
349,11,25,2,0,9,1970-01-01 00:28:52.510800,1617074.0,Census Tract 1051,Block 2007,41.45819871797957,-81.72633690142207,1,1,18,1,3
350,12,2,2,8,2,1970-01-01 00:28:53.144400,,Census Tract 1986,Block 5013,41.49369899816325,-81.61136000188618,1,1,0,1,2
351,12,2,2,19,2,1970-01-01 00:28:53.185200,2727021.0,Census Tract 1236.03,Block 1000,41.45199811129271,-81.80138326409428,1,1,18,1,1
352,12,2,2,14,2,1970-01-01 00:28:53.168400,10332004.0,Census Tract 1097.01,Block 2000,41.491818718689935,-81.66016388786942,1,1,1,1,0
353,12,2,2,22,2,1970-01-01 00:28:53.196540,1512112.0,Census Tract 1976,Block 4024,41.459637031455074,-81.71201646532346,1,1,1,1,1
354,11,25,2,11,9,1970-01-01 00:28:52.550400,119031.0,Census Tract 1011.02,Block 4008,41.486828611286896,-81.76480831125593,1,1,0,1,0
355,12,2,2,3,2,1970-01-01 00:28:53.129580,11525050.0,Census Tract 1174,Block 2000,41.55967656304668,-81.57100279886774,1,1,1,1,3
356,11,20,4,8,14,1970-01-01 00:28:52.107600,10902023.0,Census Tract 1164,Block 2005,41.531399310722975,-81.6221102476602,1,1,2,1,2
357,12,2,2,7,2,1970-01-01 00:28:53.142180,11031051.0,Census Tract 1991,Block 1000,41.52338748399667,-81.60339087453946,1,1,9,1,2
358,11,29,6,12,5,1970-01-01 00:28:52.899600,,Census Tract 1051,Block 2005,41.46151044104923,-81.72956439101345,1,1,1,1,0
359,11,27,4,16,7,1970-01-01 00:28:52.741200,2222050.0,Census Tract 1243,Block 3006,41.44310448430458,-81.79049972610873,1,1,1,1,0
360,11,28,5,8,6,1970-01-01 00:28:52.798800,10309017.0,Census Tract 1087.01,Block 1002,41.50377847526074,-81.65565920575919,1,1,13,1,2
361,12,2,2,10,2,1970-01-01 00:28:53.151600,13010015.0,Census Tract 1198,Block 1009,41.46665461563888,-81.5897227348518,1,1,0,1,2
362,11,29,6,0,5,1970-01-01 00:28:52.856700,10335005.0,Census Tract 1098.01,Block 3001,41.48922361013533,-81.65778494441332,1,1,20,1,3
363,12,2,2,14,2,1970-01-01 00:28:53.166300,214133.0,Census Tract 1975,Block 2000,41.485008180559326,-81.7224625179637,1,1,0,1,0
364,11,27,4,22,7,1970-01-01 00:28:52.762800,10135008.0,Census Tract 1077.01,Block 1008,41.50130159227553,-81.6868040862582,1,1,20,1,1
365,11,7,5,11,27,1970-01-01 00:28:50.998200,10206052.0,Census Tract 1078.02,Block 1032,41.50630819316728,-81.68561759861277,1,1,8,1,0
366,11,22,6,12,12,1970-01-01 00:28:52.294800,14106108.0,Census Tract 1219,Block 1010,41.44280973027705,-81.56837704541084,1,1,2,1,0
367,11,27,4,20,7,1970-01-01 00:28:52.755600,11707100.0,Census Tract 1179,Block 1008,41.55283330724376,-81.55602620955455,1,1,1,1,1
368,12,2,2,8,2,1970-01-01 00:28:53.144400,12825124.0,Census Tract 1196,Block 2005,41.47550504604126,-81.60528258428309,1,1,8,1,2
